[ANTIGONE]
DUALBOUND      = 225.1945832
DATE           = 2014-08-15

[BARON]
DUALBOUND      = 225.194583
DATE           = 2014-08-15

[LINDO]
DUALBOUND      = 225.1945832
DATE           = 2014-08-15

[SCIP]
DUALBOUND      = 225.1945832
DATE           = 2014-08-15

