[ANTIGONE]
DUALBOUND      = -8958.979885
DATE           = 2014-08-15

[BARON]
DUALBOUND      = -8240.973175
DATE           = 2015-12-07

[LINDO]
DUALBOUND      = -7431.033836
DATE           = 2015-03-08

[SCIP]
DUALBOUND      = -7431.033836
DATE           = 2014-08-16

