[BARON]
DUALBOUND      = -72.58210099
DATE           = 2014-08-16

[COUENNE]
DUALBOUND      = -113.0793317
DATE           = 2017-09-13

[LINDO]
DUALBOUND      = -182.382373
DATE           = 2015-12-07

[SCIP]
DUALBOUND      = -182.5445582
DATE           = 2017-09-13

