[BARON]
DUALBOUND      = -1617.913663
DATE           = 2015-12-07

[COUENNE]
DUALBOUND      = -6250.484402
DATE           = 2017-09-13

[LINDO]
DUALBOUND      = -1606.901204
DATE           = 2017-09-13

[SCIP]
DUALBOUND      = -2011.060848
DATE           = 2017-09-13

