[BARON]
DUALBOUND      = -87.09909136
DATE           = 2014-08-16

[COUENNE]
DUALBOUND      = -180.5609828
DATE           = 2015-03-08

[LINDO]
DUALBOUND      = -207.9437091
DATE           = 2017-09-13

[SCIP]
DUALBOUND      = -208.2467504
DATE           = 2017-09-13

