[ANTIGONE]
DUALBOUND      = 0.9992684279
DATE           = 2017-09-13

[BARON]
DUALBOUND      = 0.986759
DATE           = 2013-09-26

[LINDO]
DUALBOUND      = 0.9627765006
DATE           = 2017-09-13

[SCIP]
DUALBOUND      = 0.9999749256
DATE           = 2017-09-13

