[ANTIGONE]
DUALBOUND      = 0.96288154
DATE           = 2013-09-26

[BARON]
DUALBOUND      = 0.986183
DATE           = 2013-09-26

[LINDO]
DUALBOUND      = 0.9927048733
DATE           = 2015-12-07

[SCIP]
DUALBOUND      = 0.99928
DATE           = 2013-09-26

