OBJVALUE          = 0.9519030306
INFEASIBILITY     = 1.54870273e-09
INFEASSCALED      = 1.54870273e-09
MINOBJCOEF        = 1
MINOBJCOEFVAR     = x1
MAXOBJCOEF        = 1
MAXOBJCOEFVAR     = x1
