[ANTIGONE]
DUALBOUND      = -61.44088738
DATE           = 2014-08-16

[LINDO]
DUALBOUND      = -59.81738781
DATE           = 2014-08-16

[SCIP]
DUALBOUND      = -60.78066789
DATE           = 2015-12-07

