[ANTIGONE]
DUALBOUND      = 0.5079333682
DATE           = 2015-06-27

[COUENNE]
DUALBOUND      = -4437.07482
DATE           = 2015-06-25

[LINDO]
DUALBOUND      = -645.0173495
DATE           = 2015-03-08

[SCIP]
DUALBOUND      = -660.0399393
DATE           = 2015-12-07

