[ANTIGONE]
DUALBOUND      = 86.25
DATE           = 2015-06-27

[BARON]
DUALBOUND      = 85.44891368
DATE           = 2015-03-08

[LINDO]
DUALBOUND      = 99.50000001
DATE           = 2015-03-08

[SCIP]
DUALBOUND      = 85.44895889
DATE           = 2014-03-02

