[ANTIGONE]
DUALBOUND      = 96.169875
DATE           = 2013-09-26

[BARON]
DUALBOUND      = 96.169875
DATE           = 2013-09-26

[LINDO]
DUALBOUND      = 96.169875
DATE           = 2013-09-26

[SCIP]
DUALBOUND      = 96.169875
DATE           = 2013-09-26

