[ANTIGONE]
DUALBOUND      = 101.1745664
DATE           = 2015-03-08

[BARON]
DUALBOUND      = 101.1745664
DATE           = 2015-03-08

[LINDO]
DUALBOUND      = 101.1745673
DATE           = 2015-03-08

[SCIP]
DUALBOUND      = 101.1745663
DATE           = 2015-03-08

