[ANTIGONE]
DUALBOUND      = 132.5476009
DATE           = 2013-09-26

[BARON]
DUALBOUND      = 132.5476009
DATE           = 2013-09-26

[LINDO]
DUALBOUND      = 132.5476009
DATE           = 2013-09-26

[SCIP]
DUALBOUND      = 132.5476009
DATE           = 2013-09-26

