[ANTIGONE]
DUALBOUND      = 101.1745664
DATE           = 2015-03-08

[BARON]
DUALBOUND      = 101.1745663
DATE           = 2015-03-08

[LINDO]
DUALBOUND      = 102.6471845
DATE           = 2015-06-25

[SCIP]
DUALBOUND      = 101.1745663
DATE           = 2015-03-08

