[ANTIGONE]
DUALBOUND      = 10252.00119
DATE           = 2017-09-13

[BARON]
DUALBOUND      = 10240.9616
DATE           = 2017-09-13

[LINDO]
DUALBOUND      = 12780.76088
DATE           = 2017-09-13

[SCIP]
DUALBOUND      = 11755.21404
DATE           = 2017-09-13

