OBJVALUE          = 80.29684365
INFEASIBILITY     = 0
INFEASSCALED      = 0
MINOBJCOEF        = 9.314657712e-08
MINOBJCOEFVAR     = x26
MAXOBJCOEF        = 0.8422966558
MAXOBJCOEFVAR     = i11
