OBJVALUE          = 78.99917013
INFEASIBILITY     = 0
INFEASSCALED      = 0
MINOBJCOEF        = 0.009944580727
MINOBJCOEFVAR     = x27
MAXOBJCOEF        = 0.8405896544
MAXOBJCOEFVAR     = i11
