OBJVALUE          = 86.54463506
INFEASIBILITY     = 0
INFEASSCALED      = 0
MINOBJCOEF        = 1.285180139e-07
MINOBJCOEFVAR     = x33
MAXOBJCOEF        = 0.9015043502
MAXOBJCOEFVAR     = i1
