OBJVALUE          = 78.99885434
INFEASIBILITY     = 0
INFEASSCALED      = 0
MINOBJCOEF        = 1.332212118e-11
MINOBJCOEFVAR     = x26
MAXOBJCOEF        = 0.8393283115
MAXOBJCOEFVAR     = i11
