OBJVALUE          = 85.49576764
INFEASIBILITY     = 0
INFEASSCALED      = 0
MINOBJCOEF        = 2.601423521e-10
MINOBJCOEFVAR     = x22
MAXOBJCOEF        = 0.8990738477
MAXOBJCOEFVAR     = i1
