OBJVALUE          = 93.81138788
INFEASIBILITY     = 0
INFEASSCALED      = 0
MINOBJCOEF        = 5.557176042e-06
MINOBJCOEFVAR     = x17
MAXOBJCOEF        = 0.1085374933
MAXOBJCOEFVAR     = i7
