[ANTIGONE]
DUALBOUND      = 0
DATE           = 2014-08-15

[BARON]
DUALBOUND      = 5744.635178
DATE           = 2014-08-15

[COUENNE]
DUALBOUND      = 5744.635178
DATE           = 2014-08-15

[SCIP]
DUALBOUND      = 5752.555623
DATE           = 2014-08-15

