[ANTIGONE]
DUALBOUND      = 1428.941916
DATE           = 2014-08-15

[BARON]
DUALBOUND      = 4448.350577
DATE           = 2014-08-16

[COUENNE]
DUALBOUND      = 1428.941916
DATE           = 2014-08-15

[SCIP]
DUALBOUND      = 1428.941913
DATE           = 2014-08-15

