[ANTIGONE]
DUALBOUND      = -15.83529486
DATE           = 2014-08-15

[BARON]
DUALBOUND      = -16.49223845
DATE           = 2015-12-07

[COUENNE]
DUALBOUND      = -18.38730842
DATE           = 2015-03-08

[LINDO]
DUALBOUND      = -16.49447317
DATE           = 2015-12-07

