[COUENNE]
DUALBOUND      = -7.738229965e-11
DATE           = 2014-08-15

[LINDO]
DUALBOUND      = -3.469446683e-17
DATE           = 2014-08-15

