OBJVALUE          = -7.487312365
INFEASIBILITY     = 0
INFEASSCALED      = 0
MINOBJCOEF        = 1.10291154e-09
MINOBJCOEFVAR     = x1
MAXOBJCOEF        = 1.10291154e-09
MAXOBJCOEFVAR     = x1
