OBJVALUE          = -443.6717047
INFEASIBILITY     = 0
INFEASSCALED      = 0
MINOBJCOEF        = 1.64336173e-08
MINOBJCOEFVAR     = x1
MAXOBJCOEF        = 1.64336173e-08
MAXOBJCOEFVAR     = x1
