OBJVALUE          = -663.5000966
INFEASIBILITY     = 0
INFEASSCALED      = 0
MINOBJCOEF        = 8.709477584e-12
MINOBJCOEFVAR     = x1
MAXOBJCOEF        = 8.709477584e-12
MAXOBJCOEFVAR     = x1
