[ANTIGONE]
DUALBOUND      = -3.051982133
DATE           = 2015-06-27

[COUENNE]
DUALBOUND      = -3.65267227
DATE           = 2017-09-13

[LINDO]
DUALBOUND      = -3.052278966
DATE           = 2017-09-13

[SCIP]
DUALBOUND      = -37.99936676
DATE           = 2015-12-07

