OBJVALUE          = -1.039626608
INFEASIBILITY     = 0
INFEASSCALED      = 0
MINOBJCOEF        = 6.933969891e-12
MINOBJCOEFVAR     = x1
MAXOBJCOEF        = 6.933969891e-12
MAXOBJCOEFVAR     = x1
