OBJVALUE          = -1.070861019
INFEASIBILITY     = 0
INFEASSCALED      = 0
MINOBJCOEF        = 3.52419427e-10
MINOBJCOEFVAR     = x1
MAXOBJCOEF        = 3.52419427e-10
MAXOBJCOEFVAR     = x1
