OBJVALUE          = -2.021806783
INFEASIBILITY     = 0
INFEASSCALED      = 0
MINOBJCOEF        = 1.084943034
MINOBJCOEFVAR     = x1
MAXOBJCOEF        = 1.084943034
MAXOBJCOEFVAR     = x1
