[COUENNE]
DUALBOUND      = -1.031628453
DATE           = 2015-06-25

[LINDO]
DUALBOUND      = -1.031628453
DATE           = 2017-09-13

