OBJVALUE          = -5.065439735
INFEASIBILITY     = 0
INFEASSCALED      = 0
MINOBJCOEF        = 6.217800771e-08
MINOBJCOEFVAR     = x1
MAXOBJCOEF        = 6.217800771e-08
MAXOBJCOEFVAR     = x1
