OBJVALUE          = -26.77844871
INFEASIBILITY     = 0
INFEASSCALED      = 0
MINOBJCOEF        = 1.691907725e-10
MINOBJCOEFVAR     = x16
MAXOBJCOEF        = 2.977367553e-08
MAXOBJCOEFVAR     = x30
