OBJVALUE          = -31.88862963
INFEASIBILITY     = 0
INFEASSCALED      = 0
MINOBJCOEF        = 1.243838366e-12
MINOBJCOEFVAR     = x11
MAXOBJCOEF        = 2.355116102e-12
MAXOBJCOEFVAR     = x1
