OBJVALUE          = -1.069108794
INFEASIBILITY     = 0
INFEASSCALED      = 0
MINOBJCOEF        = 0.1850476425
MINOBJCOEFVAR     = x1
MAXOBJCOEF        = 0.1850476425
MAXOBJCOEFVAR     = x1
