[BARON]
DUALBOUND      = -0.0004260336208
DATE           = 2015-06-13

[COUENNE]
DUALBOUND      = -0.0004251471009
DATE           = 2015-06-25

[LINDO]
DUALBOUND      = -0.000425938721
DATE           = 2015-03-08

