[ANTIGONE]
DUALBOUND      = -5.08111021
DATE           = 2015-03-08

[LINDO]
DUALBOUND      = -909090.9092
DATE           = 2014-08-15

[SCIP]
DUALBOUND      = -9.999999981e+19
DATE           = 2015-12-07

