OBJVALUE          = -1.031628453
INFEASIBILITY     = 0
INFEASSCALED      = 0
MINOBJCOEF        = 4.200229053e-10
MINOBJCOEFVAR     = x1
MAXOBJCOEF        = 6.108409195e-10
MAXOBJCOEFVAR     = x2
