[COUENNE]
DUALBOUND      = -7.184166995
DATE           = 2015-06-25

[LINDO]
DUALBOUND      = -1.274427091e-06
DATE           = 2017-09-13

