[COUENNE]
DUALBOUND      = -5.643972819
DATE           = 2015-12-07

[LINDO]
DUALBOUND      = -0.001168475681
DATE           = 2014-08-16

