[COUENNE]
DUALBOUND      = -2.021806783
DATE           = 2014-08-15

[LINDO]
DUALBOUND      = -2.021806783
DATE           = 2014-08-15

