[COUENNE]
DUALBOUND      = -5.152221632
DATE           = 2014-08-16

[LINDO]
DUALBOUND      = -2.900835942e-06
DATE           = 2017-09-13

