[COUENNE]
DUALBOUND      = -0.004135429927
DATE           = 2015-06-25

[LINDO]
DUALBOUND      = -0.004135430017
DATE           = 2017-09-13

