[ANTIGONE]
DUALBOUND      = -1.562845273
DATE           = 2014-08-15

[LINDO]
DUALBOUND      = -909090.9092
DATE           = 2014-08-15

[SCIP]
DUALBOUND      = -9.999999981e+19
DATE           = 2014-08-15

