OBJVALUE          = -10.0860015
INFEASIBILITY     = 0
INFEASSCALED      = 0
MAXOBJCOEF        = 1.687192053e-14
MAXOBJCOEFVAR     = x1
