[COUENNE]
DUALBOUND      = -1.115200191
DATE           = 2017-09-13

[LINDO]
DUALBOUND      = -1.070861022
DATE           = 2014-08-15

