[COUENNE]
DUALBOUND      = -0.01075334273
DATE           = 2015-06-25

[LINDO]
DUALBOUND      = -0.01075374155
DATE           = 2017-09-13

