OBJVALUE          = 2.803458478
INFEASIBILITY     = 0
INFEASSCALED      = 0
MINOBJCOEF        = 0.03346568362
MINOBJCOEFVAR     = x1
MAXOBJCOEF        = 0.03346568362
MAXOBJCOEFVAR     = x1
