[LINDO]
DUALBOUND      = -0.5377260851
DATE           = 2017-09-13

[SCIP]
DUALBOUND      = -0.5384074288
DATE           = 2014-03-04

