[ANTIGONE]
DUALBOUND      = 12083.28891
DATE           = 2017-09-13

[BARON]
DUALBOUND      = 12261
DATE           = 2015-12-07

[LINDO]
DUALBOUND      = 131364.6018
DATE           = 2017-09-13

[SCIP]
DUALBOUND      = 96343.29802
DATE           = 2017-09-13

