[BARON]
DUALBOUND      = 7246.724066
DATE           = 2017-09-13

[LINDO]
DUALBOUND      = 2950.935453
DATE           = 2017-09-13

[SCIP]
DUALBOUND      = 7118.011733
DATE           = 2017-09-13

