[BARON]
DUALBOUND      = 7307.599566
DATE           = 2017-09-13

[LINDO]
DUALBOUND      = 2878.484346
DATE           = 2017-09-13

[SCIP]
DUALBOUND      = 7150.532377
DATE           = 2017-09-13

