[BARON]
DUALBOUND      = 7203.99635
DATE           = 2017-09-13

[LINDO]
DUALBOUND      = 3137.912639
DATE           = 2017-09-13

[SCIP]
DUALBOUND      = 7104.499205
DATE           = 2017-09-13

