[BARON]
DUALBOUND      = 0
DATE           = 2014-08-15

[COUENNE]
DUALBOUND      = 0.005236595871
DATE           = 2015-12-07

[LINDO]
DUALBOUND      = 0.005236595871
DATE           = 2017-09-13

