[COUENNE]
DUALBOUND      = 89.08583999
DATE           = 2014-08-19

[SCIP]
DUALBOUND      = 89.08584
DATE           = 2014-08-19

