OBJVALUE          = 2.700857149e-12
INFEASIBILITY     = 0
INFEASSCALED      = 0
MINOBJCOEF        = 9.67818169e-09
MINOBJCOEFVAR     = i4
MAXOBJCOEF        = 2.963943142e-08
MAXOBJCOEFVAR     = i1
