[COUENNE]
DUALBOUND      = -3.35782251e+11
DATE           = 2017-09-13

[LINDO]
DUALBOUND      = -1248.809426
DATE           = 2014-08-16

