[COUENNE]
DUALBOUND      = -1255.058601
DATE           = 2015-06-25

[LINDO]
DUALBOUND      = -1255.058601
DATE           = 2014-08-16

