OBJVALUE          = 1001973.081
INFEASIBILITY     = 1.273292582e-11
INFEASSCALED      = 1.273292582e-11
MINOBJCOEF        = 1
MINOBJCOEFVAR     = x132
MAXOBJCOEF        = 1
MAXOBJCOEFVAR     = x132
