[ANTIGONE]
DUALBOUND      = -0.1550419616
DATE           = 2014-08-15

[BARON]
DUALBOUND      = -0.1550419626
DATE           = 2014-08-15

[LINDO]
DUALBOUND      = -0.15504203
DATE           = 2014-08-15

