[ANTIGONE]
DUALBOUND      = -0.1540155401
DATE           = 2014-08-15

[BARON]
DUALBOUND      = -0.1540155401
DATE           = 2014-08-15

[LINDO]
DUALBOUND      = -0.1540156187
DATE           = 2014-08-15

[SCIP]
DUALBOUND      = -0.1540156565
DATE           = 2014-08-15

