[ANTIGONE]
DUALBOUND      = -0.1548242221
DATE           = 2014-08-15

[BARON]
DUALBOUND      = -0.1548242221
DATE           = 2014-08-15

[LINDO]
DUALBOUND      = -0.1548242757
DATE           = 2014-08-15

