OBJVALUE          = -0.1540155401
INFEASIBILITY     = 0
INFEASSCALED      = 0
MINOBJCOEF        = 9.966825976e-12
MINOBJCOEFVAR     = x423
MAXOBJCOEF        = 0.103997523
MAXOBJCOEFVAR     = x14
