[ANTIGONE]
DUALBOUND      = -0.1549845346
DATE           = 2014-08-15

[BARON]
DUALBOUND      = -0.1549845356
DATE           = 2014-08-15

[LINDO]
DUALBOUND      = -0.1549846388
DATE           = 2014-08-15

