OBJVALUE          = -0.1548242221
INFEASIBILITY     = 0
INFEASSCALED      = 0
MINOBJCOEF        = 1.49822342e-11
MINOBJCOEFVAR     = x592
MAXOBJCOEF        = 0.05302113801
MAXOBJCOEFVAR     = x27
