OBJVALUE          = -0.1549845346
INFEASIBILITY     = 0
INFEASSCALED      = 0
MINOBJCOEF        = 2.587151847e-12
MINOBJCOEFVAR     = x1812
MAXOBJCOEF        = 0.03558073869
MAXOBJCOEFVAR     = x39
