OBJVALUE          = -0.1550419616
INFEASIBILITY     = 0
INFEASSCALED      = 0
MINOBJCOEF        = 2.674059758e-12
MINOBJCOEFVAR     = x2718
MAXOBJCOEF        = 0.02677365056
MAXOBJCOEFVAR     = x52
