[BARON]
DUALBOUND      = 18.97521963
DATE           = 2016-04-26

[COUENNE]
DUALBOUND      = 18.97521963
DATE           = 2016-04-26

[LINDO]
DUALBOUND      = 18.97521963
DATE           = 2016-04-26

[SCIP]
DUALBOUND      = 18.97521963
DATE           = 2016-04-26

