[ANTIGONE]
DUALBOUND      = 350.4897416
DATE           = 2017-09-13

[BARON]
DUALBOUND      = 350.4897449
DATE           = 2017-09-13

[SCIP]
DUALBOUND      = 296.9264757
DATE           = 2017-09-13

