OBJVALUE          = 14085.13985
INFEASIBILITY     = 0
INFEASSCALED      = 0
MINOBJCOEF        = 6.170012057e-09
MINOBJCOEFVAR     = x4
MAXOBJCOEF        = 1.643070391e-08
MAXOBJCOEFVAR     = x2
