[COUENNE]
DUALBOUND      = -41699.73438
DATE           = 2014-08-15

[LINDO]
DUALBOUND      = 1056.691872
DATE           = 2017-09-13

