[COUENNE]
DUALBOUND      = 0.5238060269
DATE           = 2015-12-07

[LINDO]
DUALBOUND      = 0.5022976956
DATE           = 2014-08-15

