[COUENNE]
DUALBOUND      = 0.5257303328
DATE           = 2015-12-07

[LINDO]
DUALBOUND      = 0.5057996998
DATE           = 2014-08-15

