[COUENNE]
DUALBOUND      = 0.5231028509
DATE           = 2017-09-13

[LINDO]
DUALBOUND      = 0.4499999999
DATE           = 2015-12-07

