[COUENNE]
DUALBOUND      = 0.5235555353
DATE           = 2017-09-13

[LINDO]
DUALBOUND      = 0.5001763449
DATE           = 2015-06-25

