[COUENNE]
DUALBOUND      = -14.83795003
DATE           = 2015-06-25

[LINDO]
DUALBOUND      = -14.83795003
DATE           = 2014-08-19

