OBJVALUE          = -0.9996118219
INFEASIBILITY     = 0
INFEASSCALED      = 0
MINOBJCOEF        = 5.049655463e-10
MINOBJCOEFVAR     = x1
MAXOBJCOEF        = 5.049655463e-10
MAXOBJCOEFVAR     = x1
