[COUENNE]
DUALBOUND      = -1.616424928
DATE           = 2015-06-25

[LINDO]
DUALBOUND      = -1.616424948
DATE           = 2014-08-19

