OBJVALUE          = -0.2655659004
INFEASIBILITY     = 0
INFEASSCALED      = 0
MINOBJCOEF        = 2.025046797e-10
MINOBJCOEFVAR     = x2
MAXOBJCOEF        = 5.199505182e-08
MAXOBJCOEFVAR     = x1
