OBJVALUE          = -1.616424928
INFEASIBILITY     = 0
INFEASSCALED      = 0
MINOBJCOEF        = 9.500089604e-11
MINOBJCOEFVAR     = x1
MAXOBJCOEF        = 9.500089604e-11
MAXOBJCOEFVAR     = x1
