OBJVALUE          = -4.436728338
INFEASIBILITY     = 0
INFEASSCALED      = 0
MINOBJCOEF        = 6.496963471e-11
MINOBJCOEFVAR     = x1
MAXOBJCOEF        = 6.496963471e-11
MAXOBJCOEFVAR     = x1
