OBJVALUE          = -0.6860722798
INFEASIBILITY     = 0
INFEASSCALED      = 0
MINOBJCOEF        = 5.795106528e-08
MINOBJCOEFVAR     = x1
MAXOBJCOEF        = 5.795106528e-08
MAXOBJCOEFVAR     = x1
