OBJVALUE          = -3.306867818
INFEASIBILITY     = 0
INFEASSCALED      = 0
MINOBJCOEF        = 0.04937429526
MINOBJCOEFVAR     = x1
MAXOBJCOEF        = 0.1104292922
MAXOBJCOEFVAR     = x2
