[COUENNE]
DUALBOUND      = -0.9432915034
DATE           = 2014-08-19

[LINDO]
DUALBOUND      = -0.9432915035
DATE           = 2014-08-19

