[COUENNE]
DUALBOUND      = -3.306868647
DATE           = 2017-09-13

[LINDO]
DUALBOUND      = -3.306868713
DATE           = 2014-08-19

