OBJVALUE          = 3.155443621e-30
INFEASIBILITY     = 0
INFEASSCALED      = 0
MAXOBJCOEF        = 1.776356839e-14
MAXOBJCOEFVAR     = x1
