OBJVALUE          = -0.7988810037
INFEASIBILITY     = 0
INFEASSCALED      = 0
MINOBJCOEF        = 2.535957694e-09
MINOBJCOEFVAR     = x1
MAXOBJCOEF        = 2.535957694e-09
MAXOBJCOEFVAR     = x1
