[COUENNE]
DUALBOUND      = -0.9996118219
DATE           = 2014-08-19

[LINDO]
DUALBOUND      = -0.999611822
DATE           = 2014-08-19

