OBJVALUE          = -0.9432915034
INFEASIBILITY     = 0
INFEASSCALED      = 0
MINOBJCOEF        = 1.720064989e-11
MINOBJCOEFVAR     = x1
MAXOBJCOEF        = 1.720064989e-11
MAXOBJCOEFVAR     = x1
