OBJVALUE          = 2.556144477
INFEASIBILITY     = 0
INFEASSCALED      = 0
MINOBJCOEF        = 0.9108537374
MINOBJCOEFVAR     = x1
MAXOBJCOEF        = 0.9108537374
MAXOBJCOEFVAR     = x1
