OBJVALUE          = -14.83795003
INFEASIBILITY     = 0
INFEASSCALED      = 0
MINOBJCOEF        = 3.170600449e-10
MINOBJCOEFVAR     = x1
MAXOBJCOEF        = 3.170600449e-10
MAXOBJCOEFVAR     = x1
