OBJVALUE          = -1.295297712
INFEASIBILITY     = 0
INFEASSCALED      = 0
MINOBJCOEF        = 1.268318783e-12
MINOBJCOEFVAR     = x2
MAXOBJCOEF        = 1.268318783e-12
MAXOBJCOEFVAR     = x2
