OBJVALUE          = 3.359458688
INFEASIBILITY     = 0
INFEASSCALED      = 0
MINOBJCOEF        = 1.876748534e-09
MINOBJCOEFVAR     = x1
MAXOBJCOEF        = 1.876748534e-09
MAXOBJCOEFVAR     = x1
