[COUENNE]
DUALBOUND      = 0.02931083072
DATE           = 2014-08-15

[LINDO]
DUALBOUND      = 0.02931083072
DATE           = 2017-09-13

