[ANTIGONE]
DUALBOUND      = 316.6926954
DATE           = 2013-09-17

[COUENNE]
DUALBOUND      = 316.6926954
DATE           = 2013-09-17

[LINDO]
DUALBOUND      = 316.6926952
DATE           = 2015-03-08

