OBJVALUE          = 2.51488916
INFEASIBILITY     = 0
INFEASSCALED      = 0
MINOBJCOEF        = 1.087643419e-11
MINOBJCOEFVAR     = x2579
MAXOBJCOEF        = 0.03534729162
MAXOBJCOEFVAR     = x2041
