OBJVALUE          = 2.506949264
INFEASIBILITY     = 0
INFEASSCALED      = 0
MINOBJCOEF        = 4.339771839e-12
MINOBJCOEFVAR     = x906
MAXOBJCOEF        = 0.02663853564
MAXOBJCOEFVAR     = x1301
