OBJVALUE          = 2.505686479
INFEASIBILITY     = 0
INFEASSCALED      = 0
MINOBJCOEF        = 2.012080859e-11
MINOBJCOEFVAR     = x165
MAXOBJCOEF        = 0.02951101162
MAXOBJCOEFVAR     = x982
