OBJVALUE          = 2.519487676
INFEASIBILITY     = 0
INFEASSCALED      = 0
MINOBJCOEF        = 2.769437838e-11
MINOBJCOEFVAR     = x375
MAXOBJCOEF        = 0.0530830668
MAXOBJCOEFVAR     = x345
