[BARON]
DUALBOUND      = 7146.6783
DATE           = 2013-09-26

[COUENNE]
DUALBOUND      = 7688.42
DATE           = 2013-09-26

[LINDO]
DUALBOUND      = 7389.157241
DATE           = 2015-06-25

[SCIP]
DUALBOUND      = 7099.186211
DATE           = 2015-03-08

