OBJVALUE          = -43.13433692
INFEASIBILITY     = 0
INFEASSCALED      = 0
MINOBJCOEF        = 1.244025672
MINOBJCOEFVAR     = i1
MAXOBJCOEF        = 1.244025672
MAXOBJCOEFVAR     = i1
