OBJVALUE          = -9532.039053
INFEASIBILITY     = 4.774826368e-15
INFEASSCALED      = 4.774826368e-15
MINOBJCOEF        = 1
MINOBJCOEFVAR     = x68
MAXOBJCOEF        = 300.544
MAXOBJCOEFVAR     = x22
