[ANTIGONE]
DUALBOUND      = 0.7070360705
DATE           = 2017-09-13

[BARON]
DUALBOUND      = 0.2928807084
DATE           = 2017-09-13

[LINDO]
DUALBOUND      = 0.2556394255
DATE           = 2017-09-13

[SCIP]
DUALBOUND      = 0
DATE           = 2017-09-13

