[BARON]
DUALBOUND      = 0.04198600217
DATE           = 2014-08-16

[LINDO]
DUALBOUND      = 19.87216708
DATE           = 2015-03-08

