[BARON]
DUALBOUND      = 0.04199543681
DATE           = 2014-08-15

[COUENNE]
DUALBOUND      = 19.87216552
DATE           = 2015-06-25

[LINDO]
DUALBOUND      = 19.87216552
DATE           = 2015-03-08

