[COUENNE]
DUALBOUND      = -5.799714178
DATE           = 2014-08-15

[LINDO]
DUALBOUND      = -6.48052465
DATE           = 2015-12-07

