[COUENNE]
DUALBOUND      = -41.30763773
DATE           = 2017-09-13

[LINDO]
DUALBOUND      = -33.9989141
DATE           = 2017-09-13

