[COUENNE]
DUALBOUND      = -20.29341621
DATE           = 2014-08-15

[LINDO]
DUALBOUND      = -15.26768502
DATE           = 2015-12-07

