[COUENNE]
DUALBOUND      = -30.74448663
DATE           = 2017-09-13

[LINDO]
DUALBOUND      = -24.87363815
DATE           = 2017-09-13

