[ANTIGONE]
DUALBOUND      = -56537.36248
DATE           = 2017-09-13

[BARON]
DUALBOUND      = -56530.00408
DATE           = 2017-09-13

[LINDO]
DUALBOUND      = -56537.36248
DATE           = 2017-09-13

[SCIP]
DUALBOUND      = -56326.60305
DATE           = 2017-09-13

