[ANTIGONE]
DUALBOUND      = -549.8580305
DATE           = 2017-09-13

[BARON]
DUALBOUND      = -549.8580361
DATE           = 2017-09-13

[LINDO]
DUALBOUND      = -549.8030502
DATE           = 2017-09-13

[SCIP]
DUALBOUND      = -549.8500901
DATE           = 2017-09-13

