[ANTIGONE]
DUALBOUND      = -549.8580305
DATE           = 2017-09-13

[BARON]
DUALBOUND      = -549.858036
DATE           = 2017-09-13

[SCIP]
DUALBOUND      = -549.8517398
DATE           = 2017-09-13

