[ANTIGONE]
DUALBOUND      = -99096.92766
DATE           = 2017-09-13

[BARON]
DUALBOUND      = -99014.56845
DATE           = 2017-09-13

[LINDO]
DUALBOUND      = -99304.78393
DATE           = 2017-09-13

[SCIP]
DUALBOUND      = -97650.48773
DATE           = 2017-09-13

