[ANTIGONE]
DUALBOUND      = -549.8580305
DATE           = 2017-09-13

[BARON]
DUALBOUND      = -549.8580391
DATE           = 2017-09-13

[LINDO]
DUALBOUND      = -549.8030503
DATE           = 2017-09-13

[SCIP]
DUALBOUND      = -549.857351
DATE           = 2017-09-13

