[ANTIGONE]
DUALBOUND      = -60696.36119
DATE           = 2017-09-13

[BARON]
DUALBOUND      = -60696.36119
DATE           = 2017-09-13

[LINDO]
DUALBOUND      = -60696.3612
DATE           = 2017-09-13

[SCIP]
DUALBOUND      = -60696.36119
DATE           = 2017-09-13

