[ANTIGONE]
DUALBOUND      = -549.8580305
DATE           = 2017-09-13

[BARON]
DUALBOUND      = -549.858036
DATE           = 2017-09-13

[LINDO]
DUALBOUND      = -549.8030503
DATE           = 2017-09-13

[SCIP]
DUALBOUND      = -549.8421581
DATE           = 2017-09-13

