[ANTIGONE]
DUALBOUND      = -561.100792
DATE           = 2017-09-13

[BARON]
DUALBOUND      = -561.0447212
DATE           = 2017-09-13

[COUENNE]
DUALBOUND      = -561.0446962
DATE           = 2017-09-13

[SCIP]
DUALBOUND      = -561.0777869
DATE           = 2017-09-13

