[COUENNE]
DUALBOUND      = 3560.230416
DATE           = 2015-03-08

[LINDO]
DUALBOUND      = 2357.828287
DATE           = 2015-06-25

