[COUENNE]
DUALBOUND      = 637.5923037
DATE           = 2017-09-13

[LINDO]
DUALBOUND      = 4424.076967
DATE           = 2015-12-07

