[ANTIGONE]
DUALBOUND      = -1.287966921
DATE           = 2015-03-08

[BARON]
DUALBOUND      = -2.121948276
DATE           = 2014-03-15

[LINDO]
DUALBOUND      = -100
DATE           = 2014-03-15

[SCIP]
DUALBOUND      = -100
DATE           = 2014-03-15

