OBJVALUE          = -1.28796692
INFEASIBILITY     = 1.776356839e-15
INFEASSCALED      = 1.776356839e-15
MINOBJCOEF        = 0.05531345404
MINOBJCOEFVAR     = x72
MAXOBJCOEF        = 0.07124189901
MAXOBJCOEFVAR     = x70
