[COUENNE]
DUALBOUND      = 3.445503794
DATE           = 2013-09-26

[LINDO]
DUALBOUND      = 3.445503794
DATE           = 2013-09-26

