[ANTIGONE]
DUALBOUND      = 2204.758051
DATE           = 2017-09-13

[COUENNE]
DUALBOUND      = 2252.231298
DATE           = 2017-09-13

[LINDO]
DUALBOUND      = 2184.592141
DATE           = 2017-09-13

[SCIP]
DUALBOUND      = 2408.539064
DATE           = 2017-09-13

