[ANTIGONE]
DUALBOUND      = 22465.55618
DATE           = 2017-09-13

[BARON]
DUALBOUND      = 3830.645065
DATE           = 2017-09-13

[LINDO]
DUALBOUND      = 22835.55884
DATE           = 2017-09-13

[SCIP]
DUALBOUND      = 22665.09364
DATE           = 2017-09-13

