[ANTIGONE]
DUALBOUND      = -2142.96
DATE           = 2013-09-17

[BARON]
DUALBOUND      = -2142.948088
DATE           = 2015-06-13

[LINDO]
DUALBOUND      = -2151.3975
DATE           = 2013-09-26

[SCIP]
DUALBOUND      = -2142.948086
DATE           = 2015-03-08

