[ANTIGONE]
DUALBOUND      = -2102.39
DATE           = 2013-09-17

[BARON]
DUALBOUND      = -2102.401866
DATE           = 2015-03-08

[LINDO]
DUALBOUND      = -2109.26146
DATE           = 2015-03-08

[SCIP]
DUALBOUND      = -2102.38931
DATE           = 2013-09-26

