OBJVALUE          = 0.8049029287
INFEASIBILITY     = 0
INFEASSCALED      = 0
MINOBJCOEF        = 1.137916328e-08
MINOBJCOEFVAR     = x2
MAXOBJCOEF        = 4.445108259e-08
MAXOBJCOEFVAR     = x3
