OBJVALUE          = 2.045321084e-23
INFEASIBILITY     = 0
INFEASSCALED      = 0
MINOBJCOEF        = 3.783640068e-11
MINOBJCOEFVAR     = x3
MAXOBJCOEF        = 8.388845174e-11
MAXOBJCOEFVAR     = x2
