[ANTIGONE]
DUALBOUND      = -1.086498626
DATE           = 2015-06-27

[COUENNE]
DUALBOUND      = -1.012832023
DATE           = 2015-03-08

[LINDO]
DUALBOUND      = -1.070174151
DATE           = 2015-12-07

