[ANTIGONE]
DUALBOUND      = -1.235486625
DATE           = 2017-09-13

[COUENNE]
DUALBOUND      = -9114.265445
DATE           = 2014-08-16

[LINDO]
DUALBOUND      = -1.012835628
DATE           = 2015-03-08

