[ANTIGONE]
DUALBOUND      = -9.301265255
DATE           = 2015-12-07

[COUENNE]
DUALBOUND      = -4306770523
DATE           = 2017-09-13

[LINDO]
DUALBOUND      = -1.012836339
DATE           = 2017-09-13

