[ANTIGONE]
DUALBOUND      = -1.029677726
DATE           = 2017-09-13

[COUENNE]
DUALBOUND      = -267.5616887
DATE           = 2015-12-07

[LINDO]
DUALBOUND      = -1.0128171
DATE           = 2017-09-13

