[ANTIGONE]
DUALBOUND      = 368.7247393
DATE           = 2017-09-13

[BARON]
DUALBOUND      = 293.8823277
DATE           = 2017-09-13

[LINDO]
DUALBOUND      = 95.93975372
DATE           = 2015-12-07

[SCIP]
DUALBOUND      = 343.2876264
DATE           = 2017-09-13

