[ANTIGONE]
DUALBOUND      = 482.4997966
DATE           = 2014-03-02

[BARON]
DUALBOUND      = 482.4997952
DATE           = 2015-06-13

[LINDO]
DUALBOUND      = 482.4997971
DATE           = 2013-09-26

[SCIP]
DUALBOUND      = 482.49965
DATE           = 2013-09-27

