[ANTIGONE]
DUALBOUND      = -1.430407285
DATE           = 2015-03-08

[BARON]
DUALBOUND      = -1.430407285
DATE           = 2015-03-08

[LINDO]
DUALBOUND      = -1.430407283
DATE           = 2015-03-08

[SCIP]
DUALBOUND      = -1.430407286
DATE           = 2015-06-13

