[ANTIGONE]
DUALBOUND      = -5.000000005
DATE           = 2014-08-15

[COUENNE]
DUALBOUND      = -5.000000003
DATE           = 2014-08-15

[LINDO]
DUALBOUND      = -5.000000285
DATE           = 2014-08-15

[SCIP]
DUALBOUND      = -5.000000003
DATE           = 2015-06-13

