[ANTIGONE]
DUALBOUND      = 0
DATE           = 2013-09-17

[COUENNE]
DUALBOUND      = 6.487412628
DATE           = 2017-09-13

[LINDO]
DUALBOUND      = 6.683112125
DATE           = 2017-09-13

[SCIP]
DUALBOUND      = 6.633886014
DATE           = 2014-03-02

