[COUENNE]
DUALBOUND      = 3203.686856
DATE           = 2017-09-13

[LINDO]
DUALBOUND      = 1760.255796
DATE           = 2014-03-15

