[COUENNE]
DUALBOUND      = -3.762501491
DATE           = 2014-08-16

[LINDO]
DUALBOUND      = -3.762501492
DATE           = 2014-08-15

