[COUENNE]
DUALBOUND      = 0.09563138741
DATE           = 2014-08-19

[LINDO]
DUALBOUND      = 0.09563138721
DATE           = 2014-08-19

