[COUENNE]
DUALBOUND      = 1.409306854
DATE           = 2017-09-13

[LINDO]
DUALBOUND      = 0.9876962606
DATE           = 2017-09-13

