[BARON]
DUALBOUND      = -1.6537216e+11
DATE           = 2013-09-27

[LINDO]
DUALBOUND      = -1050.335879
DATE           = 2014-03-02

