[COUENNE]
DUALBOUND      = -1.000004663
DATE           = 2014-08-16

[LINDO]
DUALBOUND      = -1.000004663
DATE           = 2014-08-15

[SCIP]
DUALBOUND      = -1.000004662
DATE           = 2014-08-16

