[ANTIGONE]
DUALBOUND      = 0.01178971588
DATE           = 2015-12-07

[BARON]
DUALBOUND      = 0.01891774528
DATE           = 2015-12-07

[LINDO]
DUALBOUND      = 0.01891818913
DATE           = 2015-12-07

[SCIP]
DUALBOUND      = 0.01891781873
DATE           = 2015-12-07

