[ANTIGONE]
DUALBOUND      = 0.0001483432722
DATE           = 2015-12-07

[BARON]
DUALBOUND      = 0.003479151455
DATE           = 2015-12-07

[LINDO]
DUALBOUND      = 0.003479162687
DATE           = 2015-12-07

[SCIP]
DUALBOUND      = 0.003479039808
DATE           = 2015-12-07

