[BARON]
DUALBOUND      = 907.0169609
DATE           = 2014-03-02

[COUENNE]
DUALBOUND      = 660.0741758
DATE           = 2017-09-13

[LINDO]
DUALBOUND      = 611.8937737
DATE           = 2015-12-07

[SCIP]
DUALBOUND      = 907.0154233
DATE           = 2014-03-04

