[LINDO]
DUALBOUND      = 902.0919426
DATE           = 2015-12-07

[SCIP]
DUALBOUND      = 940.8989509
DATE           = 2014-03-04

