[COUENNE]
DUALBOUND      = 300.8423531
DATE           = 2014-08-13

[SCIP]
DUALBOUND      = 300.8423531
DATE           = 2014-08-16

