[BARON]
DUALBOUND      = 806.002167
DATE           = 2017-09-13

[COUENNE]
DUALBOUND      = 612.9189741
DATE           = 2017-09-13

[LINDO]
DUALBOUND      = 909.0278626
DATE           = 2017-09-13

[SCIP]
DUALBOUND      = 817.0866242
DATE           = 2017-09-13

