[COUENNE]
DUALBOUND      = 2025.80929
DATE           = 2014-08-13

[SCIP]
DUALBOUND      = 2204.927556
DATE           = 2017-09-13

