[COUENNE]
DUALBOUND      = 564.7472175
DATE           = 2015-06-25

[SCIP]
DUALBOUND      = 687.6660448
DATE           = 2015-03-08

