[COUENNE]
DUALBOUND      = 435.9541646
DATE           = 2015-03-08

[SCIP]
DUALBOUND      = 472.0956086
DATE           = 2015-03-08

