[LINDO]
DUALBOUND      = 895.3588978
DATE           = 2017-09-13

[SCIP]
DUALBOUND      = 311.7564941
DATE           = 2015-12-07

