[BARON]
DUALBOUND      = 676.7428748
DATE           = 2017-09-13

[COUENNE]
DUALBOUND      = 324.6846122
DATE           = 2015-03-08

[LINDO]
DUALBOUND      = 464.3631815
DATE           = 2015-03-08

[SCIP]
DUALBOUND      = 141.6801616
DATE           = 2015-06-13

