[LINDO]
DUALBOUND      = 466.8534217
DATE           = 2015-03-08

[SCIP]
DUALBOUND      = 469.7271008
DATE           = 2014-03-04

