[LINDO]
DUALBOUND      = 184.7349525
DATE           = 2014-03-02

[SCIP]
DUALBOUND      = 215.5743283
DATE           = 2014-03-04

