[COUENNE]
DUALBOUND      = 856.7293535
DATE           = 2015-03-08

[SCIP]
DUALBOUND      = 1065.120442
DATE           = 2015-12-07

