OBJVALUE          = 348336.7614
INFEASIBILITY     = 4.433715617e-10
INFEASSCALED      = 4.433715617e-10
MINOBJCOEF        = 1
MINOBJCOEFVAR     = x2
MAXOBJCOEF        = 1
MAXOBJCOEFVAR     = x2
