[LINDO]
DUALBOUND      = 724.4285967
DATE           = 2014-03-02

[SCIP]
DUALBOUND      = 602.0465746
DATE           = 2015-06-13

