[COUENNE]
DUALBOUND      = 401.2406129
DATE           = 2015-03-08

[SCIP]
DUALBOUND      = 402.3822198
DATE           = 2015-12-07

