OBJVALUE          = 348337.0417
INFEASIBILITY     = 4.627374872e-14
INFEASSCALED      = 4.627374872e-14
MINOBJCOEF        = 1
MINOBJCOEFVAR     = x2
MAXOBJCOEF        = 1
MAXOBJCOEFVAR     = x2
