[COUENNE]
DUALBOUND      = 1143.067731
DATE           = 2014-08-13

[SCIP]
DUALBOUND      = 1422.971624
DATE           = 2017-09-13

