[COUENNE]
DUALBOUND      = 151.0556006
DATE           = 2014-08-13

[SCIP]
DUALBOUND      = 151.0556006
DATE           = 2014-08-13

