[COUENNE]
DUALBOUND      = 25622.36892
DATE           = 2017-09-13

[SCIP]
DUALBOUND      = 26582.03556
DATE           = 2014-03-04

