[LINDO]
DUALBOUND      = 205.07232
DATE           = 2013-09-26

[SCIP]
DUALBOUND      = 503.09301
DATE           = 2014-03-04

