[COUENNE]
DUALBOUND      = 1535.798631
DATE           = 2014-08-13

[SCIP]
DUALBOUND      = 1784.007736
DATE           = 2015-12-07

