[COUENNE]
DUALBOUND      = 0.2544872983
DATE           = 2013-09-26

[LINDO]
DUALBOUND      = 0.2544872983
DATE           = 2013-09-26

